32
-1
59
32
70
-1
-1
59
79
-1
-1
32
-1
59
32
-1
59
-1
-1
79
-1
-1
-1
-1
69
-1
69
-1
3
-1
-1
40
-1
-1
-1
79
-1
38
-1
-1
32
41
-1
40
-1
-1
-1
15
59
-1
32
69
40
-1
43
40
-1
40
59
-1
40
-1
-1
40
-1
40
-1
58
-1
-1
-1
40
40
-1
-1
-1
-1
-1
-1
40
40
40
45
65
40
40
40
-1
36
-1
-1
58
32
59
32
59
70
-1
-1
-1
70
19
40
-1
-1
19
29
-1
-1
48
-1
58
-1
45
30
-1
40
40
-1
40
-1
-1
-1
70
12
32
59
32
59
70
-1
-1
40
-1
-1
12
-1
17
-1
15
-1
-1
-1
-1
16
-1
15
-1
-1
-1
-1
-1
-1
-1
-1
-1
-1
79
-1
38
79
-1
79
-1
38
-1
16
20
79
-1
-1
38
-1
-1
17
-1
17
69
17
69
-1
17
17
17
76
17
3
17
-1
-1
61
17
-1
-1
37
47
61
47
-1
61
61
-1
60
31
31
17
17
55
61
-1
3
17
20
17
17
37
70
61
-1
60
70
17
20
17
-1
-1
20
-1
3
3
72
-1
-1
72
-1
12
73
17
73
17
17
-1
-1
-1
48
17
-1
60
-1
-1
-1
-1
24
-1
-1
-1
55
-1
47
48
65
20
55
20
24
36
-1
-1
-1
78
79
65
24
53
72
69
70
78
-1
42
69
44
41
45
74
20
72
70
0
24
72
70
0
72
72
70
78
44
41
45
74
0
-1
20
-1
-1
72
-1
20
20
70
69
44
41
45
74
0
72
70
69
44
41
29
45
74
17
-1
-1
20
14
14
79
72
70
78
44
41
45
74
79
-1
72
70
78
44
41
45
74
72
70
44
41
45
74
72
69
70
12
72
0
53
72
-1
72
70
-1
53
72
70
0
72
0
0
72
70
78
44
41
-1
45
74
14
72
28
69
70
63
69
14
53
72
72
70
78
44
41
45
74
72
70
14
44
41
45
74
72
70
78
44
41
45
74
53
72
70
-1
78
44
41
45
74
72
70
-1
72
70
-1
-1
-1
53
-1
5
-1
-1
14
70
69
44
41
45
74
14
0
72
-1
70
-1
24
48
70
-1
14
14
-1
44
41
-1
76
45
74
-1
69
69
70
63
12
69
-1
14
44
41
-1
41
14
72
70
78
44
41
-1
41
45
74
-1
-1
-1
72
69
14
69
44
41
45
74
-1
0
72
70
78
44
41
45
74
79
72
70
78
-1
-1
48
53
72
14
72
14
70
72
70
78
44
41
45
74
5
5
-1
72
69
70
14
-1
12
-1
-1
44
41
45
74
53
72
70
78
44
41
45
74
72
70
78
72
70
78
44
41
45
74
-1
0
69
69
70
12
-1
14
44
41
-1
41
53
72
70
78
65
-1
-1
19
48
14
-1
-1
-1
-1
19
19
48
14
48
-1
14
-1
-1
-1
-1
-1
50
33
29
44
-1
14
-1
-1
-1
-1
-1
-1
39
-1
60
-1
39
14
14
14
-1
-1
14
-1
-1
39
14
48
48
-1
14
67
68
47
14
14
14
14
14
14
14
48
14
14
-1
47
14
-1
-1
14
4
67
-1
28
28
-1
4
-1
45
76
39
4
-1
70
41
-1
4
-1
4
-1
-1
15
15
-1
-1
-1
9
67
68
-1
41
4
-1
29
-1
-1
4
-1
2
4
4
70
-1
-1
4
-1
76
4
-1
-1
4
23
-1
-1
23
6
-1
-1
-1
-1
6
6
6
6
-1
25
-1
-1
4
4
4
55
-1
4
4
-1
-1
4
-1
-1
4
63
23
-1
4
19
4
-1
57
57
-1
-1
-1
-1
-1
-1
-1
-1
-1
-1
48
67
68
45
67
68
48
67
68
-1
48
67
68
30
30
-1
-1
4
47
28
-1
-1
22
-1
-1
-1
-1
-1
22
48
-1
-1
-1
29
4
-1
4
-1
4
-1
-1
4
-1
-1
-1
-1
-1
4
4
4
4
-1
-1
65
12
4
-1
3
22
4
-1
-1
75
75
75
-1
75
75
75
75
75
-1
75
-1
-1
75
76
51
51
51
51
51
51
-1
51
51
-1
51
-1
39
-1
51
-1
51
-1
-1
-1
51
-1
-1
51
51
51
-1
9
66
-1
35
-1
-1
16
-1
-1
13
-1
42
-1
-1
62
13
-1
15
62
62
62
62
16
62
68
35
-1
-1
-1
-1
60
-1
-1
-1
-1
35
-1
6
6
6
-1
38
-1
58
-1
8
8
38
8
46
-1
13
12
58
46
46
8
-1
-1
70
-1
-1
-1
22
-1
-1
-1
13
13
10
8
32
-1
59
13
-1
32
-1
-1
-1
10
-1
-1
-1
-1
-1
-1
-1
59
12
-1
-1
-1
-1
-1
-1
32
10
70
46
59
-1
-1
-1
52
-1
8
46
46
-1
46
22
46
-1
46
24
46
8
8
21
10
8
46
46
8
46
32
46
-1
46
-1
10
10
-1
-1
8
10
-1
-1
-1
76
-1
-1
32
-1
59
49
31
31
-1
49
8
49
49
49
49
49
49
19
19
-1
29
-1
26
13
49
49
13
-1
49
-1
60
49
-1
32
70
-1
39
-1
49
-1
-1
49
13
13
-1
13
69
12
49
13
49
-1
66
76
-1
42
16
13
13
42
13
-1
49
49
-1
71
76
-1
35
39
-1
39
49
50
-1
19
49
49
49
49
-1
-1
37
13
49
49
48
49
49
49
49
77
77
77
77
77
77
77
77
-1
13
-1
-1
-1
-1
-1
-1
49
1
1
1
48
1
1
1
74
-1
77
73
1
13
2
2
1
-1
1
8
1
35
8
52
-1
13
-1
-1
-1
-1
13
1
1
1
48
-1
1
1
-1
-1
19
-1
11
-1
11
11
-1
-1
1
-1
1
11
1
3
-1
11
1
-1
11
11
11
11
11
11
-1
1
-1
31
-1
1
1
1
13
1
8
-1
-1
1
1
1
2
50
1
13
1
-1
1
-1
-1
5
5
-1
28
28
13
1
-1
1
-1
1
28
23
12
1
1
1
1
23
1
1
-1
1
-1
-1
8
24
1
1
1
1
-1
-1
-1
-1
8
-1
-1
-1
1
1
-1
1
1
-1
1
1
8
66
58
-1
66
66
-1
-1
-1
-1
-1
27
1
13
27
13
1
-1
1
1
-1
8
-1
-1
27
1
13
1
-1
1
1
1
-1
1
-1
1
-1
-1
45
-1
-1
-1
13
47
47
1
1
-1
70
-1
-1
-1
-1
36
55
55
55
-1
-1
3
8
3
-1
1
-1
-1
71
71
8
15
1
1
1
-1
-1
-1
-1
-1
1
-1
-1
1
-1
-1
-1
1
1
-1
-1
43
-1
5
29
29
45
36
25
-1
70
-1
-1
-1
30
1
-1
-1
-1
1
2
63
-1
-1
8
-1
8
2
-1
-1
-1
1
-1
13
-1
-1
-1
-1
1
-1
-1
1
1
8
-1
-1
-1
13
8
1
8
-1
70
-1
18
60
7
18
3
-1
-1
70
36
23
12
-1
-1
-1
8
1
8
70
1
42
54
54
-1
54
13
-1
13
54
-1
39
39
-1
-1
-1
-1
-1
-1
-1
1
1
21
-1
6
-1
1
-1
-1
1
-1
-1
-1
-1
-1
-1
-1
1
71
43
15
71
37
13
7
-1
-1
15
13
-1
-1
15
-1
3
-1
13
-1
-1
-1
15
-1
-1
1
1
7
-1
8
-1
71
57
-1
1
-1
25
43
43
13
-1
-1
25
26
-1
13
-1
-1
15
-1
-1
54
1
1
21
-1
-1
1
1
1
-1
19
1
1
57
57
8
-1
1
-1
-1
29
-1
71
-1
19
-1
-1
1
-1
-1
-1
-1
-1
1
-1
1
-1
1
-1
-1
-1
-1
-1
15
16
54
-1
21
54
-1
-1
-1
-1
1
1
-1
-1
54
-1
1
-1
-1
27
15
15
-1
15
15
-1
-1
1
1
33
-1
33
1
1
-1
1
-1
1
1
-1
1
1
-1
1
8
1
39
-1
13
-1
1
1
27
-1
1
-1
6
25
-1
-1
1
8
1
1
-1
1
1
57
-1
1
-1
1
1
8
-1
-1
41
8
-1
29
-1
1
1
1
42
8
63
-1
8
-1
-1
34
34
34
-1
34
1
71
1
1
36
71
-1
-1
-1
-1
6
34
26
13
7
-1
65
-1
1
1
1
13
8
1
63
8
1
63
1
-1
1
1
-1
8
39
1
1
1
-1
-1
34
1
44
-1
-1
29
71
1
57
63
1
1
1
-1
34
-1
23
-1
37
1
37
-1
-1
77
1
1
42
1
1
1
-1
1
1
1
1
-1
57
1
8
1
63
8
1
63
1
1
-1
-1
57
-1
-1
1
8
1
-1
-1
1
1
26
26
1
-1
1
1
26
26
1
-1
1
1
21
-1
-1
21
-1
26
48
1
26
-1
1
1
13
73
-1
-1
-1
1
1
-1
-1
-1
-1
-1
-1
-1
-1
38
39
1
-1
-1
8
-1
-1
69
1
69
-1
-1
62
39
34
39
-1
-1
69
56
30
25
25
-1
64
56
-1
1
1
1
64
1
56
56
18
1
-1
18
18
18
-1
-1
-1
50
33
50
18
56
64
-1
1
1
1
1
64
3
64
1
-1
64
56
-1
-1
33
-1
64
-1
1
64
-1
13
42
1
-1
18
1
73
56
8
1
8
1
56
56
1
1
1
56
-1
-1
-1
-1
-1
18
-1
-1
-1
50
50
56
1
64
56
18
1
56
33
1
-1
-1
19
-1
-1
1
1
1
1
1
1
34
-1
-1
-1
-1
9
-1
1
1
-1
-1
15
-1
-1
-1
9
9
9
19
1
1
-1
48
24
1
1
23
1
-1
48
23
6
-1
-1
6
6
-1
1
1
1
-1
-1
13
-1
13
-1
-1
38
1
13
-1
8
23
52
1
8
1
1
8
1
8
52
52
1
1
1
1
1
-1
1
1
7
-1
-1
15
7
42
1
1
-1
-1
-1
71
52
1
-1
1
1
-1
-1
6
1
-1
6
1
-1
24
1
-1
30
1
-1
1
1
-1
-1
-1
-1
