86
-1
62
86
83
108
108
62
14
-1
112
86
102
62
86
112
62
142
139
41
14
10
29
44
44
10
-1
131
-1
155
29
14
-1
49
-1
150
29
14
134
133
49
49
-1
49
30
86
151
49
152
-1
49
44
49
152
-1
49
49
48
49
37
62
10
86
10
49
49
41
43
41
-1
49
-1
49
34
-1
-1
81
48
49
49
62
-1
49
-1
49
49
31
49
7
79
-1
-1
79
110
43
49
46
49
49
31
49
109
131
50
49
49
64
49
64
49
-1
28
144
49
41
-1
144
32
49
83
-1
-1
146
14
-1
-1
-1
-1
41
49
48
49
101
-1
154
110
86
62
86
62
102
112
-1
106
41
156
4
-1
106
106
4
144
106
44
127
44
110
-1
146
4
-1
-1
-1
-1
-1
10
41
44
44
156
44
86
62
86
62
102
112
131
66
129
66
41
66
44
44
44
100
37
38
33
37
67
129
37
37
100
37
37
37
33
37
37
37
37
95
138
67
14
134
133
14
29
14
-1
133
75
37
41
49
12
14
95
138
133
-1
44
44
33
44
10
44
10
44
44
44
44
40
44
155
49
49
49
45
-1
48
-1
23
45
-1
44
51
42
48
120
23
120
-1
23
23
150
51
-1
38
49
38
49
44
44
49
31
49
23
-1
49
155
44
-1
-1
49
42
45
49
102
23
49
-1
27
83
49
45
49
49
-1
44
41
1
-1
-1
152
155
155
35
38
-1
-1
-1
49
42
49
35
49
49
42
35
49
49
49
41
41
41
45
50
45
49
53
49
48
49
49
-1
49
109
-1
49
51
49
127
45
48
-1
49
-1
48
49
49
52
-1
51
49
49
-1
41
50
49
53
53
43
47
49
49
49
-1
-1
49
49
-1
123
49
-1
48
49
150
153
49
49
49
49
31
-1
120
122
14
131
49
48
49
31
-1
49
48
-1
101
138
-1
57
49
116
-1
14
49
123
48
37
130
36
158
49
156
116
49
100
100
158
0
151
146
137
85
36
156
6
123
129
36
156
6
129
36
36
156
117
0
151
146
137
6
10
57
13
29
36
-1
103
57
156
158
0
151
146
137
6
36
156
158
0
151
143
146
137
53
44
44
44
-1
-1
-1
13
36
41
156
117
0
151
146
137
14
68
-1
129
36
156
117
0
151
49
146
137
36
156
0
151
146
137
41
36
41
10
41
156
44
36
6
5
36
-1
36
156
-1
5
36
156
6
36
49
6
6
49
41
36
156
49
116
49
0
151
146
146
137
57
36
44
10
156
148
10
85
-1
36
49
36
49
156
49
117
0
151
146
137
130
36
49
156
-1
0
151
146
137
41
36
156
41
116
49
0
151
146
137
5
36
156
150
117
0
151
146
137
36
49
156
79
41
36
156
-1
-1
49
49
100
49
49
49
121
153
153
30
30
49
46
49
-1
49
156
29
49
0
151
146
137
57
6
36
-1
156
44
123
-1
156
-1
49
-1
85
79
0
152
-1
40
146
137
10
107
10
-1
148
44
10
-1
66
0
151
-1
151
49
85
41
36
156
49
117
41
0
151
-1
151
49
146
137
4
13
49
41
44
36
-1
57
10
0
151
146
137
13
6
36
156
49
117
0
151
146
137
-1
36
156
117
154
53
44
49
122
49
49
49
49
5
36
-1
36
-1
49
49
156
36
156
117
0
151
146
137
49
153
153
30
36
41
49
48
158
48
49
156
49
85
44
44
49
10
44
49
0
151
146
137
37
130
36
156
49
49
117
49
0
151
146
137
36
156
117
36
49
156
49
117
0
151
146
137
4
49
6
107
10
-1
49
44
-1
66
0
151
-1
151
5
36
156
41
117
49
14
30
29
4
127
140
105
4
29
4
4
4
127
69
127
120
-1
4
33
141
118
118
145
19
143
-1
41
-1
57
49
-1
49
41
-1
53
49
48
-1
-1
49
53
-1
26
26
54
41
53
49
41
-1
41
28
-1
26
49
41
53
57
57
49
57
-1
26
-1
-1
9
26
49
49
41
49
49
49
49
49
41
57
127
127
87
57
93
93
120
-1
75
75
69
105
57
69
127
69
69
-1
120
105
57
-1
-1
57
49
44
103
44
44
44
57
140
146
40
132
-1
-1
141
-1
57
-1
16
-1
-1
-1
37
37
37
96
96
99
93
93
-1
49
-1
57
15
143
44
-1
41
-1
28
97
57
-1
141
142
139
57
53
-1
41
40
41
103
25
139
57
140
-1
-1
140
89
134
88
-1
28
89
89
89
89
124
25
25
20
57
58
89
31
4
53
57
57
-1
57
58
156
-1
57
41
147
140
44
57
4
57
-1
20
20
152
118
118
19
141
-1
-1
57
152
154
127
93
93
146
93
93
127
93
93
140
127
93
93
4
4
29
-1
57
120
41
43
41
45
-1
46
49
41
49
-1
49
49
49
49
47
49
49
49
134
47
49
150
49
47
49
49
48
49
-1
4
-1
44
49
49
-1
150
49
129
41
53
49
122
49
49
49
49
49
49
49
53
-1
49
144
50
144
144
49
-1
49
49
-1
49
49
49
50
49
49
49
49
49
49
49
75
-1
79
-1
-1
49
-1
49
149
149
-1
42
-1
41
-1
53
-1
79
130
41
-1
149
57
14
44
79
5
1
150
57
49
49
-1
49
75
75
78
53
78
-1
75
49
75
84
78
48
-1
78
78
-1
57
49
57
49
40
-1
50
51
49
84
75
75
50
49
48
-1
84
-1
57
41
-1
49
57
41
54
-1
78
30
68
132
10
58
29
41
58
10
10
10
58
10
10
57
-1
75
95
98
94
94
138
58
44
37
44
44
44
37
100
159
57
157
44
159
37
157
157
157
157
37
157
93
68
53
41
138
57
75
81
41
-1
41
27
104
57
57
2
9
57
89
89
89
57
133
5
110
58
57
57
133
-1
58
131
44
44
110
-1
-1
-1
33
154
156
4
4
39
150
1
1
49
40
49
53
49
49
44
49
49
44
49
150
-1
49
86
112
62
44
39
86
-1
-1
39
150
-1
4
49
108
-1
4
4
41
41
39
62
49
-1
-1
40
53
49
-1
49
49
49
49
53
49
53
-1
39
39
53
49
41
49
49
49
86
150
83
-1
62
41
4
4
53
49
29
3
128
49
-1
-1
64
4
49
53
49
75
150
49
53
75
135
49
41
75
123
-1
41
78
78
150
49
150
-1
75
41
43
41
-1
49
41
-1
64
49
46
86
64
-1
49
49
-1
49
48
135
49
150
150
-1
-1
-1
41
41
41
41
150
49
53
49
135
75
49
4
49
49
41
41
41
49
40
-1
-1
-1
5
62
-1
38
41
38
-1
-1
78
77
-1
49
49
-1
49
84
77
77
4
4
49
49
-1
143
-1
8
53
44
-1
75
49
49
54
44
-1
-1
-1
27
75
49
49
48
48
48
102
86
102
-1
67
49
49
26
43
67
126
-1
126
100
-1
44
44
-1
44
10
44
-1
44
-1
98
-1
40
-1
100
37
44
44
100
44
-1
-1
-1
107
37
40
98
138
26
14
49
41
48
43
41
49
49
50
49
49
-1
-1
145
22
4
49
129
49
49
59
-1
59
-1
49
30
-1
129
49
-1
44
81
59
-1
59
49
129
49
59
-1
59
60
60
60
67
60
67
60
60
67
60
67
60
-1
41
41
44
-1
-1
-1
-1
-1
49
134
49
41
49
59
-1
61
49
49
49
61
122
56
56
56
137
147
60
36
56
44
97
97
49
61
9
56
56
56
9
56
3
146
44
-1
-1
-1
-1
44
125
125
125
127
-1
-1
56
-1
-1
4
49
51
49
49
158
114
-1
114
114
28
53
-1
53
-1
49
-1
63
114
56
1
29
113
63
49
48
49
-1
49
113
113
113
114
-1
-1
159
49
56
49
-1
38
124
131
56
68
49
53
41
49
49
49
49
49
49
49
49
49
-1
41
49
44
49
49
49
48
49
41
49
56
49
49
41
49
56
104
22
75
63
56
97
145
63
41
44
56
5
56
92
29
153
153
87
44
44
44
56
126
-1
-1
56
44
140
44
-1
56
49
49
56
-1
140
75
75
-1
75
41
135
-1
56
123
56
63
56
56
24
24
93
39
56
-1
108
142
49
49
41
56
56
15
56
56
154
75
56
-1
94
110
98
94
94
98
7
10
10
98
44
65
44
44
44
65
11
-1
56
125
-1
18
29
44
55
44
65
12
55
55
55
41
-1
55
29
55
15
143
146
-1
-1
-1
44
49
53
49
120
49
120
82
82
49
109
156
0
0
29
29
101
31
41
31
31
5
-1
155
55
1
40
55
7
18
37
37
65
37
65
65
55
40
91
91
91
40
55
91
91
55
91
18
138
41
55
55
-1
143
41
34
49
-1
49
153
143
144
146
101
25
30
156
41
41
39
41
39
138
-1
-1
-1
-1
49
46
-1
49
53
-1
97
148
104
104
55
-1
55
97
139
-1
41
-1
55
141
44
-1
-1
121
49
121
41
-1
14
41
109
50
55
55
55
153
143
109
49
49
49
41
55
49
-1
49
41
55
87
156
0
20
27
153
20
155
29
-1
141
101
140
44
-1
20
-1
55
17
55
141
55
100
49
49
53
31
49
48
49
31
32
31
44
49
53
54
52
31
49
45
49
49
49
49
49
49
49
53
49
49
49
49
31
-1
49
49
50
51
49
49
26
49
26
49
32
53
48
49
49
49
31
49
49
49
43
49
49
49
51
49
49
49
49
49
49
48
49
31
10
147
10
147
-1
88
150
-1
89
44
88
16
-1
55
-1
-1
40
-1
2
135
53
-1
-1
55
37
34
37
37
44
44
33
-1
33
37
44
-1
-1
37
44
1
30
44
10
124
10
37
141
10
-1
55
49
49
33
-1
49
49
55
-1
-1
49
20
49
17
49
17
-1
49
25
49
49
49
49
34
49
34
44
24
24
49
25
49
49
49
49
48
49
49
49
49
8
46
49
8
41
44
-1
119
37
119
109
43
41
31
49
-1
55
150
-1
46
49
15
49
-1
49
136
49
136
49
49
49
49
49
135
49
43
48
49
49
49
48
4
55
-1
49
49
20
49
20
54
55
-1
49
-1
49
49
49
49
49
156
49
49
49
-1
54
143
49
49
49
131
37
7
4
-1
-1
49
80
49
18
49
49
7
18
7
18
49
55
11
49
49
12
41
22
55
-1
-1
153
30
30
37
37
49
49
49
31
49
49
5
49
150
49
50
49
49
48
49
49
53
-1
-1
49
109
126
49
49
121
-1
53
49
49
-1
53
48
49
-1
53
-1
53
31
121
49
54
55
49
49
49
124
49
53
53
-1
44
53
37
37
37
37
37
124
37
55
55
19
118
19
76
76
49
53
49
109
55
-1
53
-1
41
70
148
70
70
-1
70
55
55
41
26
-1
41
44
-1
41
75
-1
44
-1
55
-1
89
25
44
104
53
-1
55
55
55
41
41
49
41
41
49
41
41
41
49
41
41
41
53
49
49
41
49
41
41
41
41
41
41
43
49
49
49
41
41
41
49
46
43
41
48
49
41
49
41
41
49
41
-1
-1
119
49
49
20
142
55
142
49
49
53
55
75
-1
49
53
41
111
71
53
154
55
4
143
111
72
72
111
100
55
147
148
55
16
37
9
9
138
136
138
136
37
55
48
55
101
37
-1
141
38
2
89
138
8
44
33
92
14
92
55
55
55
45
55
71
148
55
72
148
55
-1
75
-1
26
55
26
130
55
55
55
128
72
41
138
55
0
-1
-1
143
37
55
20
148
55
-1
55
-1
9
-1
140
3
44
55
44
-1
126
60
55
55
100
55
49
66
72
-1
66
55
72
111
20
20
111
55
71
148
55
72
148
55
55
-1
140
20
104
16
72
55
-1
146
71
49
52
71
48
130
74
8
8
55
-1
55
55
8
8
49
55
120
55
55
150
122
-1
150
41
-1
41
49
8
127
-1
8
-1
41
41
41
80
55
44
36
49
49
31
30
49
49
49
49
143
53
55
49
49
72
32
31
31
31
26
31
49
49
41
48
41
49
53
49
49
33
104
133
132
55
24
104
55
-1
-1
158
55
-1
-1
-1
157
132
138
132
106
106
158
20
25
25
25
-1
90
20
25
55
55
115
90
115
20
20
20
17
-1
21
21
21
21
21
118
145
19
145
-1
20
49
90
5
55
55
55
-1
41
90
155
90
80
-1
90
20
118
-1
19
20
90
-1
55
90
-1
44
100
55
5
20
55
41
41
35
20
55
55
55
55
20
20
55
63
63
20
25
25
20
20
25
20
104
115
41
-1
145
145
20
115
20
20
20
72
20
19
-1
-1
154
4
128
141
55
55
-1
55
55
55
49
41
41
41
49
49
49
9
41
49
109
49
49
41
40
-1
-1
49
98
-1
55
55
-1
96
37
-1
96
-1
99
99
99
4
55
82
31
127
123
72
17
140
82
31
127
49
140
89
-1
-1
89
89
98
55
72
55
18
-1
44
-1
44
-1
-1
133
55
49
44
-1
49
55
140
3
41
55
55
74
49
49
-1
-1
-1
49
76
49
52
49
49
49
49
49
3
53
49
53
49
53
3
74
73
41
73
73
73
49
-1
49
49
55
55
49
41
49
41
-1
33
-1
-1
37
33
100
72
72
148
-1
37
37
49
49
3
55
49
49
49
49
49
49
49
49
-1
49
41
49
49
49
49
-1
50
49
49
49
119
72
89
-1
89
55
-1
89
55
92
123
119
152
4
55
132
55
55
-1
11
-1
11
